defeat db 70,1,30,71,1,30,69,2,0,70,2,0,71,2,0,72,2,30,73,2,101,74,2,101,68,3,30,69,3,0,70,3,15,71,3,15,72,3,0,73,3,0,74,3,0,75,3,101,67,4,30,68,4,0,69,4,15,70,4,15,71,4,0,72,4,0,73,4,15,74,4,15,75,4,0,76,4,11,66,5,30,67,5,0,68,5,15,69,5,15
db 70,5,0,71,5,30,72,5,0,73,5,0,74,5,15,75,5,0,76,5,30,65,6,101,66,6,0,67,6,15,68,6,15,69,6,0,70,6,30,72,6,53,73,6,0,74,6,15,75,6,15,76,6,0,77,6,101,64,7,101,65,7,0,66,7,15,67,7,15,68,7,0,69,7,30,73,7,101,74,7,0,75,7,15,76,7,15,77,7,0
db 64,8,0,65,8,0,66,8,15,67,8,0,68,8,0,74,8,30,75,8,0,76,8,15,77,8,0,78,8,101,63,9,30,64,9,0,65,9,15,66,9,0,67,9,30,75,9,0,76,9,15,77,9,15,78,9,0,62,10,101,63,10,0,64,10,15,65,10,0,66,10,0,75,10,101,76,10,0,77,10,15,78,10,0,79,10,101,62,11,0
db 63,11,15,64,11,0,65,11,0,66,11,30,67,11,101,76,11,0,77,11,0,78,11,0,79,11,30,61,12,30,62,12,0,63,12,0,64,12,0,65,12,0,66,12,0,67,12,0,68,12,101,76,12,101,77,12,0,78,12,15,79,12,0,50,13,101,51,13,101,52,13,0,53,13,0,54,13,101,60,13,101,61,13,0,62,13,15,63,13,0
db 64,13,0,65,13,15,66,13,15,67,13,0,68,13,30,77,13,0,78,13,0,79,13,0,80,13,101,49,14,30,50,14,0,51,14,0,52,14,0,53,14,15,54,14,0,55,14,30,56,14,30,57,14,30,58,14,30,59,14,101,60,14,0,61,14,0,62,14,0,63,14,30,64,14,0,65,14,15,66,14,0,67,14,30,77,14,101,78,14,0
db 79,14,0,80,14,30,49,15,0,50,15,15,51,15,15,52,15,15,53,15,0,54,15,0,55,15,0,56,15,0,57,15,0,58,15,0,59,15,30,60,15,0,61,15,0,62,15,101,63,15,0,64,15,15,65,15,0,66,15,0,78,15,0,79,15,0,80,15,0,48,16,30,49,16,0,50,16,15,51,16,0,52,16,0,53,16,30,54,16,99
db 55,16,101,56,16,0,57,16,15,58,16,0,59,16,0,60,16,0,61,16,77,62,16,0,63,16,15,64,16,15,65,16,0,66,16,101,78,16,100,79,16,0,80,16,0,48,17,0,49,17,15,50,17,15,51,17,0,52,17,77,56,17,101,57,17,0,58,17,0,59,17,0,60,17,101,61,17,100,62,17,0,63,17,15,64,17,0,65,17,101
db 78,17,77,79,17,0,80,17,0,81,17,77,47,18,101,48,18,0,49,18,15,50,18,0,51,18,30,57,18,30,58,18,0,59,18,100,61,18,0,62,18,15,63,18,0,64,18,100,79,18,0,80,18,0,81,18,101,47,19,0,48,19,0,49,19,15,50,19,0,56,19,30,57,19,0,58,19,30,60,19,30,61,19,0,62,19,0,63,19,30
db 79,19,0,80,19,0,81,19,101,32,20,101,33,20,100,34,20,77,35,20,100,36,20,101,38,20,100,39,20,101,46,20,101,47,20,0,48,20,15,49,20,0,50,20,101,55,20,101,56,20,0,57,20,30,59,20,3,60,20,0,61,20,0,62,20,30,79,20,0,80,20,0,81,20,101,31,21,101,32,21,0,33,21,0,34,21,30,35,21,0
db 36,21,0,37,21,30,38,21,0,39,21,0,40,21,101,46,21,30,47,21,0,48,21,0,49,21,30,54,21,77,55,21,0,56,21,0,57,21,11,59,21,30,60,21,0,61,21,0,79,21,0,80,21,0,81,21,101,31,22,30,32,22,0,33,22,0,34,22,0,35,22,15,36,22,15,37,22,0,38,22,15,39,22,0,40,22,30,45,22,77
db 46,22,0,47,22,0,48,22,0,54,22,30,55,22,0,56,22,101,58,22,3,59,22,0,60,22,0,61,22,101,79,22,0,80,22,0,81,22,101,31,23,0,32,23,0,33,23,0,34,23,0,35,23,0,36,23,0,37,23,15,38,23,15,39,23,0,40,23,30,41,23,100,42,23,101,45,23,30,46,23,0,47,23,0,48,23,77,53,23,30
db 54,23,0,55,23,30,58,23,30,59,23,0,60,23,0,79,23,0,80,23,0,81,23,11,30,24,77,31,24,0,32,24,30,33,24,53,35,24,53,36,24,0,37,24,0,38,24,0,39,24,0,40,24,0,41,24,0,42,24,0,43,24,0,44,24,0,45,24,0,46,24,0,47,24,53,52,24,101,53,24,0,54,24,0,58,24,0,59,24,0
db 60,24,11,78,24,101,79,24,0,80,24,0,30,25,100,31,25,0,32,25,30,35,25,101,36,25,0,37,25,0,39,25,101,40,25,0,41,25,0,42,25,15,43,25,15,44,25,15,45,25,0,46,25,101,52,25,0,53,25,0,54,25,101,57,25,30,58,25,0,59,25,30,78,25,30,79,25,0,80,25,30,30,26,30,31,26,0,32,26,0
db 33,26,30,34,26,77,35,26,30,36,26,0,37,26,30,41,26,30,42,26,0,43,26,0,44,26,0,45,26,0,46,26,101,47,26,30,48,26,101,51,26,30,52,26,0,53,26,0,56,26,77,57,26,0,58,26,0,78,26,0,79,26,0,80,26,53,30,27,0,31,27,0,32,27,15,33,27,0,34,27,0,35,27,0,36,27,0,37,27,30
db 42,27,77,43,27,30,44,27,0,45,27,101,46,27,0,47,27,0,48,27,0,50,27,101,51,27,0,52,27,0,53,27,101,56,27,30,57,27,0,58,27,30,59,27,101,60,27,30,61,27,30,77,27,100,78,27,0,79,27,0,29,28,30,30,28,30,31,28,0,32,28,15,33,28,15,34,28,15,35,28,15,36,28,15,37,28,0,42,28,101
db 43,28,0,44,28,30,45,28,30,46,28,0,47,28,30,48,28,0,50,28,0,51,28,0,52,28,30,55,28,11,56,28,0,57,28,0,58,28,77,59,28,0,60,28,0,61,28,30,62,28,101,77,28,0,78,28,0,79,28,101,28,29,100,29,29,0,30,29,0,31,29,30,32,29,0,33,29,0,34,29,0,35,29,15,36,29,15,37,29,0
db 38,29,30,39,29,77,42,29,30,43,29,0,44,29,101,46,29,100,47,29,30,48,29,101,49,29,30,50,29,0,51,29,0,52,29,11,55,29,30,56,29,0,57,29,30,58,29,77,59,29,0,60,29,0,61,29,0,62,29,101,76,29,100,77,29,0,78,29,0,27,30,77,28,30,0,29,30,15,30,30,0,31,30,30,32,30,0,33,30,0
db 34,30,100,35,30,0,36,30,0,37,30,0,38,30,0,39,30,0,40,30,0,41,30,0,42,30,0,43,30,0,44,30,30,45,30,30,46,30,101,48,30,101,49,30,0,50,30,0,51,30,30,54,30,101,55,30,0,56,30,0,57,30,101,59,30,0,60,30,0,61,30,0,62,30,101,76,30,0,77,30,0,78,30,30,27,31,30,28,31,0
db 29,31,0,30,31,0,31,31,100,32,31,0,33,31,15,34,31,0,35,31,101,36,31,101,38,31,0,39,31,0,40,31,15,41,31,15,42,31,0,43,31,100,44,31,0,45,31,0,46,31,101,48,31,0,49,31,0,50,31,0,51,31,53,54,31,0,55,31,0,56,31,0,60,31,11,75,31,100,76,31,0,77,31,0,78,31,3,26,32,77
db 27,32,0,28,32,0,29,32,77,31,32,30,32,32,0,33,32,0,34,32,0,38,32,101,39,32,0,40,32,0,41,32,15,42,32,0,44,32,0,45,32,0,46,32,30,47,32,100,48,32,0,49,32,0,50,32,30,53,32,101,54,32,0,55,32,0,56,32,30,57,32,101,58,32,30,59,32,0,60,32,30,75,32,0,76,32,0,77,32,0
db 26,33,30,27,33,0,28,33,30,31,33,0,32,33,0,33,33,0,34,33,77,40,33,0,41,33,0,42,33,0,43,33,30,44,33,30,46,33,101,47,33,0,48,33,15,49,33,0,53,33,0,54,33,0,55,33,0,56,33,77,57,33,0,58,33,0,59,33,0,60,33,0,74,33,30,75,33,0,76,33,0,77,33,30,26,34,30,27,34,0
db 28,34,30,31,34,0,32,34,0,33,34,53,39,34,101,40,34,0,41,34,0,42,34,101,43,34,0,44,34,0,45,34,30,46,34,0,47,34,15,48,34,0,49,34,30,52,34,101,53,34,0,54,34,15,55,34,0,57,34,0,58,34,0,59,34,0,60,34,30,74,34,0,75,34,15,76,34,0,77,34,101,26,35,0,27,35,0,28,35,0
db 29,35,30,30,35,101,31,35,0,32,35,30,39,35,0,40,35,0,41,35,0,42,35,101,43,35,30,44,35,0,45,35,30,46,35,0,47,35,15,48,35,0,49,35,77,52,35,0,53,35,15,54,35,0,55,35,30,57,35,53,58,35,30,59,35,30,60,35,53,73,35,101,74,35,0,75,35,15,76,35,0,77,35,3,26,36,0,27,36,15
db 28,36,0,29,36,0,30,36,0,31,36,0,32,36,30,38,36,77,39,36,0,40,36,15,41,36,0,43,36,0,44,36,100,45,36,0,46,36,15,47,36,0,48,36,0,51,36,30,52,36,0,53,36,15,54,36,0,55,36,101,56,36,100,57,36,101,73,36,30,74,36,0,75,36,15,76,36,0,26,37,0,27,37,0,28,37,15,29,37,15
db 30,37,15,31,37,15,32,37,0,33,37,0,34,37,30,35,37,0,36,37,30,37,37,30,38,37,0,39,37,0,40,37,0,41,37,0,42,37,0,43,37,30,44,37,30,45,37,0,46,37,15,47,37,0,48,37,101,50,37,53,51,37,0,52,37,15,53,37,15,54,37,0,55,37,30,56,37,0,57,37,0,58,37,0,59,37,77,73,37,30
db 74,37,0,75,37,15,76,37,0,26,38,101,27,38,0,28,38,0,29,38,0,30,38,0,31,38,15,32,38,0,33,38,0,34,38,0,35,38,0,36,38,0,37,38,15,38,38,15,39,38,15,40,38,0,41,38,0,42,38,0,43,38,0,44,38,0,45,38,15,46,38,0,47,38,0,50,38,30,51,38,0,52,38,15,53,38,0,54,38,30
db 55,38,0,56,38,30,57,38,0,58,38,0,59,38,101,61,38,77,62,38,101,63,38,101,64,38,77,73,38,30,74,38,0,75,38,15,76,38,0,27,39,77,30,39,0,31,39,0,32,39,0,33,39,101,35,39,101,36,39,0,37,39,0,38,39,15,39,39,15,40,39,0,41,39,0,42,39,0,43,39,0,44,39,15,45,39,15,46,39,0
db 47,39,101,50,39,0,51,39,15,52,39,15,53,39,0,54,39,101,55,39,0,56,39,0,57,39,0,58,39,0,59,39,30,60,39,0,61,39,0,62,39,0,63,39,0,64,39,0,65,39,0,66,39,0,67,39,101,73,39,0,74,39,15,75,39,15,76,39,0,30,40,101,31,40,101,32,40,53,33,40,100,34,40,0,35,40,0,36,40,0
db 37,40,0,38,40,15,39,40,15,40,40,0,41,40,101,42,40,0,43,40,0,44,40,15,45,40,15,46,40,0,49,40,101,50,40,0,51,40,15,52,40,0,53,40,0,55,40,30,56,40,0,57,40,0,58,40,101,59,40,0,60,40,15,61,40,15,62,40,0,63,40,0,64,40,0,65,40,0,66,40,0,67,40,0,68,40,30,71,40,77
db 72,40,30,73,40,0,74,40,15,75,40,15,76,40,0,77,40,101,33,41,0,34,41,0,35,41,15,36,41,15,37,41,15,38,41,15,39,41,15,40,41,0,42,41,0,43,41,0,44,41,15,45,41,0,46,41,100,49,41,77,50,41,30,51,41,0,52,41,0,53,41,101,58,41,101,59,41,0,60,41,0,61,41,0,62,41,30,63,41,101
db 64,41,77,65,41,53,66,41,30,67,41,0,68,41,0,69,41,30,70,41,0,71,41,0,72,41,0,73,41,15,74,41,15,75,41,15,76,41,0,77,41,101,33,42,0,34,42,0,35,42,0,36,42,0,37,42,0,38,42,0,39,42,0,40,42,0,41,42,30,42,42,0,43,42,15,44,42,15,45,42,0,47,42,101,48,42,0,49,42,0
db 50,42,0,51,42,0,52,42,0,53,42,0,54,42,0,55,42,30,59,42,0,60,42,30,61,42,101,67,42,77,68,42,30,69,42,0,70,42,0,71,42,15,72,42,0,73,42,0,74,42,0,75,42,0,76,42,101,33,43,100,34,43,30,35,43,99,36,43,53,39,43,101,40,43,30,41,43,0,42,43,15,43,43,15,44,43,0,45,43,30
db 46,43,0,47,43,0,48,43,0,49,43,0,50,43,0,51,43,0,52,43,15,53,43,15,54,43,15,55,43,0,56,43,0,57,43,0,58,43,30,59,43,77,66,43,101,67,43,0,68,43,0,69,43,0,70,43,30,71,43,0,72,43,0,73,43,100,74,43,99,41,44,0,42,44,0,43,44,15,44,44,0,45,44,0,46,44,0,47,44,0
db 48,44,0,49,44,100,50,44,101,51,44,101,52,44,0,53,44,0,54,44,15,55,44,15,56,44,15,57,44,15,58,44,0,59,44,0,60,44,0,61,44,30,62,44,101,63,44,101,64,44,30,65,44,0,66,44,0,67,44,15,68,44,15,69,44,0,70,44,100,42,45,30,43,45,0,44,45,0,45,45,30,46,45,101,52,45,30,53,45,0
db 54,45,15,55,45,15,56,45,0,57,45,0,58,45,0,59,45,0,60,45,0,61,45,0,62,45,0,63,45,0,64,45,0,65,45,15,66,45,15,67,45,15,68,45,15,69,45,0,70,45,30,52,46,30,53,46,0,54,46,15,55,46,0,56,46,30,57,46,3,60,46,77,61,46,30,62,46,0,63,46,0,64,46,0,65,46,0,66,46,0
db 67,46,0,68,46,0,69,46,101,53,47,100,54,47,0,55,47,30,64,47,77,65,47,101,66,47,101,67,47,11,4,55,70,5,55,67,6,55,67,7,55,67,8,55,7,12,55,70,13,55,67,14,55,67,15,55,70,23,55,67,24,55,67,25,55,67,26,55,67,27,55,74,35,55,67,36,55,67,37,55,67,38,55,7,41,55,7,42,55,67
db 43,55,67,44,55,67,56,55,101,57,55,30,58,55,30,59,55,101,71,55,101,72,55,0,73,55,0,74,55,0,75,55,101,85,55,99,86,55,30,87,55,0,88,55,0,89,55,30,90,55,77,96,55,101,97,55,30,98,55,30,99,55,30,100,55,30,101,55,30,102,55,30,103,55,30,104,55,30,105,55,100,4,56,7,5,56,67,6,56,67
db 7,56,67,8,56,67,11,56,70,12,56,67,13,56,67,14,56,67,15,56,67,21,56,67,22,56,67,23,56,67,24,56,14,25,56,14,26,56,67,27,56,67,28,56,67,35,56,67,36,56,67,37,56,67,38,56,70,41,56,70,42,56,67,43,56,67,44,56,67,56,56,30,57,56,0,58,56,0,59,56,0,69,56,101,70,56,0,71,56,0
db 72,56,0,73,56,15,74,56,0,75,56,0,76,56,0,84,56,30,85,56,0,86,56,0,87,56,15,88,56,15,89,56,0,90,56,0,91,56,100,96,56,0,97,56,0,98,56,0,99,56,0,100,56,0,101,56,0,102,56,0,103,56,0,104,56,0,105,56,0,5,57,67,6,57,67,7,57,14,8,57,67,9,57,70,11,57,67,12,57,14
db 13,57,14,14,57,67,20,57,67,21,57,67,22,57,14,23,57,14,24,57,14,25,57,14,26,57,14,27,57,14,28,57,67,29,57,67,35,57,67,36,57,14,37,57,67,38,57,70,41,57,70,42,57,67,43,57,14,44,57,67,56,57,0,57,57,15,58,57,15,59,57,0,68,57,101,69,57,0,70,57,15,71,57,15,72,57,15,73,57,15
db 74,57,15,75,57,15,76,57,0,77,57,0,83,57,30,84,57,0,85,57,15,86,57,15,87,57,0,88,57,0,89,57,15,90,57,15,91,57,0,92,57,101,96,57,0,97,57,15,98,57,15,99,57,15,100,57,15,101,57,15,102,57,15,103,57,15,104,57,15,105,57,0,6,58,67,7,58,14,8,58,14,9,58,67,10,58,67,11,58,67
db 12,58,14,13,58,67,14,58,70,19,58,7,20,58,67,21,58,14,22,58,14,23,58,67,24,58,67,25,58,67,26,58,67,27,58,14,28,58,14,29,58,67,30,58,67,35,58,67,36,58,14,37,58,67,38,58,70,41,58,70,42,58,67,43,58,14,44,58,67,56,58,30,57,58,15,58,58,15,59,58,0,68,58,0,69,58,15,70,58,15
db 71,58,0,72,58,0,73,58,0,74,58,0,75,58,0,76,58,15,77,58,0,78,58,0,83,58,30,84,58,0,85,58,15,86,58,0,87,58,101,88,58,101,89,58,0,90,58,15,91,58,0,92,58,30,96,58,0,97,58,0,98,58,0,99,58,0,100,58,15,101,58,0,102,58,0,103,58,0,104,58,0,105,58,0,6,59,96,7,59,67
db 8,59,14,9,59,67,10,59,67,11,59,14,12,59,67,13,59,67,19,59,67,20,59,67,21,59,14,22,59,67,23,59,70,26,59,74,27,59,67,28,59,14,29,59,14,30,59,67,35,59,67,36,59,14,37,59,67,38,59,70,41,59,70,42,59,67,43,59,14,44,59,67,56,59,30,57,59,15,58,59,15,59,59,0,67,59,100,68,59,0
db 69,59,15,70,59,0,71,59,30,75,59,0,76,59,0,77,59,15,78,59,0,79,59,11,83,59,0,84,59,15,85,59,15,86,59,0,87,59,30,88,59,77,89,59,30,90,59,0,91,59,0,92,59,101,99,59,0,100,59,15,101,59,0,102,59,0,7,60,70,8,60,67,9,60,14,10,60,14,11,60,67,12,60,67,19,60,67,20,60,14
db 21,60,67,22,60,67,27,60,7,28,60,67,29,60,14,30,60,67,31,60,70,35,60,67,36,60,14,37,60,67,38,60,70,41,60,70,42,60,67,43,60,14,44,60,67,56,60,30,57,60,15,58,60,15,59,60,0,67,60,0,68,60,0,69,60,15,70,60,0,75,60,3,76,60,0,77,60,15,78,60,0,79,60,101,83,60,30,84,60,0
db 85,60,15,86,60,15,87,60,0,88,60,0,89,60,0,90,60,30,91,60,53,99,60,0,100,60,15,101,60,0,102,60,0,8,61,67,9,61,67,10,61,14,11,61,67,12,61,74,19,61,67,20,61,14,21,61,67,22,61,67,28,61,67,29,61,14,30,61,67,31,61,70,35,61,67,36,61,14,37,61,67,38,61,70,41,61,70,42,61,67
db 43,61,14,44,61,67,56,61,30,57,61,15,58,61,15,59,61,0,67,61,0,68,61,15,69,61,0,70,61,0,76,61,0,77,61,15,78,61,0,79,61,101,84,61,0,85,61,0,86,61,0,87,61,15,88,61,15,89,61,15,90,61,0,91,61,0,92,61,101,99,61,0,100,61,15,101,61,0,102,61,0,8,62,67,9,62,67,10,62,14
db 11,62,67,19,62,67,20,62,14,21,62,67,22,62,67,27,62,70,28,62,67,29,62,14,30,62,67,31,62,70,35,62,67,36,62,14,37,62,67,38,62,70,41,62,70,42,62,67,43,62,14,44,62,67,56,62,30,57,62,15,58,62,15,59,62,0,67,62,0,68,62,0,69,62,15,70,62,0,75,62,11,76,62,0,77,62,15,78,62,0
db 79,62,101,83,62,51,85,62,101,86,62,0,87,62,0,88,62,0,89,62,0,90,62,15,91,62,15,92,62,0,99,62,0,100,62,15,101,62,0,102,62,0,8,63,67,9,63,67,10,63,14,11,63,67,19,63,67,20,63,67,21,63,14,22,63,67,23,63,70,26,63,11,27,63,67,28,63,14,29,63,14,30,63,67,35,63,67,36,63,14
db 37,63,67,38,63,67,41,63,67,42,63,67,43,63,14,44,63,67,56,63,0,57,63,15,58,63,15,59,63,0,67,63,30,68,63,0,69,63,15,70,63,0,71,63,30,75,63,30,76,63,0,77,63,15,78,63,0,79,63,11,83,63,30,84,63,0,85,63,0,86,63,101,88,63,77,89,63,0,90,63,0,91,63,15,92,63,0,99,63,0
db 100,63,15,101,63,0,102,63,0,8,64,70,9,64,67,10,64,14,11,64,67,19,64,7,20,64,67,21,64,14,22,64,14,23,64,67,24,64,67,25,64,67,26,64,67,27,64,14,28,64,14,29,64,67,30,64,67,35,64,67,36,64,14,37,64,14,38,64,67,39,64,67,40,64,67,41,64,67,42,64,14,43,64,14,44,64,67,56,64,0
db 57,64,15,58,64,15,59,64,0,60,64,30,61,64,30,62,64,30,63,64,101,68,64,0,69,64,15,70,64,15,71,64,0,72,64,0,73,64,0,74,64,0,75,64,0,76,64,15,77,64,0,78,64,30,83,64,0,84,64,15,85,64,0,86,64,0,87,64,101,88,64,101,89,64,0,90,64,0,91,64,15,92,64,0,99,64,0,100,64,15
db 101,64,0,102,64,0,109,64,30,110,64,0,111,64,0,112,64,101,8,65,67,9,65,67,10,65,14,11,65,14,20,65,67,21,65,67,22,65,14,23,65,14,24,65,14,25,65,14,26,65,14,27,65,14,28,65,67,29,65,67,35,65,67,36,65,67,37,65,14,38,65,14,39,65,14,40,65,14,41,65,14,42,65,14,43,65,67,44,65,70
db 56,65,0,57,65,15,58,65,15,59,65,15,60,65,15,61,65,15,62,65,0,63,65,0,68,65,101,69,65,0,70,65,15,71,65,15,72,65,15,73,65,15,74,65,15,75,65,15,76,65,0,77,65,0,83,65,30,84,65,0,85,65,15,86,65,0,87,65,0,88,65,0,89,65,0,90,65,15,91,65,0,92,65,30,99,65,0,100,65,15
db 101,65,0,102,65,0,109,65,0,110,65,15,111,65,0,112,65,30,8,66,70,9,66,67,10,66,67,11,66,67,21,66,67,22,66,67,23,66,67,24,66,67,25,66,67,26,66,67,27,66,67,28,66,67,36,66,67,37,66,67,38,66,67,39,66,67,40,66,67,41,66,67,42,66,67,43,66,67,56,66,30,57,66,0,58,66,0,59,66,0
db 60,66,0,61,66,0,62,66,0,63,66,0,69,66,101,70,66,0,71,66,0,72,66,0,73,66,0,74,66,0,75,66,0,76,66,0,84,66,0,85,66,0,86,66,0,87,66,15,88,66,15,89,66,0,90,66,0,91,66,0,99,66,0,100,66,0,101,66,0,102,66,0,109,66,0,110,66,0,111,66,0,112,66,101,8,67,70,9,67,67
db 10,67,67,11,67,67,22,67,52,23,67,67,24,67,67,25,67,67,26,67,67,27,67,7,37,67,7,38,67,67,39,67,67,40,67,67,41,67,67,42,67,7,56,67,101,57,67,101,58,67,101,59,67,100,60,67,100,61,67,100,62,67,101,63,67,101,71,67,101,72,67,30,73,67,0,74,67,100,75,67,101,85,67,101,86,67,30,87,67,0
db 88,67,0,89,67,30,90,67,101,99,67,101,100,67,101,101,67,101,102,67,101,109,67,101,110,67,30,111,67,100,
defeatSize dw 74 
 