image db
db
db 26,2,4
db 26,3,40
db 24,4,40,25,4,40,26,4,40
db 23,5,40,24,5,40,26,5,40
db 23,6,40,24,6,40,25,6,40
db 23,7,40,24,7,40,25,7,40
db 21,8,40,22,8,40,23,8,40,25,8,40,26,8,40
db 20,9,40,21,9,40,22,9,40,24,9,40,25,9,40,26,9,40
db 20,10,40,21,10,40,22,10,40,23,10,40,25,10,40,26,10,40,27,10,40
db 20,11,40,21,11,40,23,11,40,25,11,40,26,11,40,27,11,40
db 20,12,40,21,12,40,23,12,40,24,12,40,25,12,40,26,12,40
db 21,13,40,22,13,40,23,13,40,24,13,40,25,13,40,26,13,40
db 21,14,40,22,14,40,23,14,40,24,14,40,25,14,40,26,14,40
db 21,15,40,22,15,40,23,15,40,24,15,40,25,15,40
db 21,16,40,22,16,40,23,16,40,24,16,40,25,16,40
db 21,17,40,22,17,40,23,17,40,24,17,40,25,17,40
db 21,18,40,22,18,40,23,18,40,24,18,40,25,18,40
db 21,19,40,22,19,40,23,19,40,24,19,40,25,19,40
db 21,20,40,22,20,40,23,20,40,24,20,40,25,20,40
db 21,21,40,22,21,40,23,21,40,24,21,40,25,21,40
db 21,22,40,22,22,40,23,22,40,24,22,40,25,22,40
db 21,23,40,22,23,40,23,23,40,24,23,40,25,23,40
db 21,24,40,22,24,40,23,24,40,24,24,40,25,24,40
db 21,25,40,22,25,40,23,25,40,24,25,40,25,25,40
db 21,26,40,22,26,40,23,26,40,24,26,40,25,26,40
db 21,27,40,22,27,40,23,27,40,24,27,40,25,27,40
db 21,28,40,22,28,40,23,28,40,24,28,40,25,28,40
db 21,29,40,22,29,40,23,29,40,24,29,40,25,29,40
db 21,30,40,22,30,40,23,30,40,24,30,40,25,30,40
db 21,31,40,22,31,40,23,31,40,24,31,40,25,31,40
db 21,32,40,22,32,40,23,32,40,24,32,40,25,32,40
db 21,33,40,22,33,40,23,33,40,24,33,40,25,33,40
db 21,34,40,22,34,40,23,34,40,24,34,40,25,34,40
db 21,35,40,22,35,40,23,35,40,24,35,40,25,35,40
db 21,36,40,22,36,40,23,36,40,24,36,40,25,36,40
db 21,37,40,22,37,40,23,37,40,24,37,40,25,37,40
db 21,38,40,22,38,40,23,38,40,24,38,40,25,38,40
db 21,39,40,22,39,40,23,39,40,24,39,40,25,39,40
db 21,40,40,22,40,40,23,40,40,24,40,40,25,40,40
db 21,41,40,22,41,40,23,41,40,24,41,40,25,41,40
db 21,42,40,22,42,40,23,42,40,24,42,40,25,42,40
db 21,43,40,22,43,40,23,43,40,24,43,40,25,43,40,26,43,40
db 20,44,40,21,44,40,22,44,40,24,44,40,25,44,40,26,44,40
db 20,45,40,21,45,40,23,45,40,25,45,40,26,45,40
db 20,46,40,21,46,40,22,46,40,23,46,40,25,46,40,26,46,40,27,46,40
db 20,47,40,21,47,40,22,47,40,23,47,40,24,47,40,25,47,40,26,47,40
db 21,48,40,22,48,40,25,48,40,26,48,40
db 21,49,40,23,49,40,24,49,40,25,49,40
db 23,50,40,24,50,40,25,50,40
db 24,51,40,25,51,40,26,51,40
db 24,52,40,26,52,40
db 25,53,40,26,53,40
db 26,54,40
db
db
db
db
db
imageSize db 60 
 image db
db
db
db
db
db
db
db
db
db
db
db
db
db
db
db
db
db
db 5,18,54,6,18,54,7,18,54,8,18,54,9,18,52,28,18,54,29,18,54,30,18,54,31,18,54,32,18,54,52,18,54,53,18,54,54,18,54,55,18,54
db 2,19,54,3,19,54,4,19,54,5,19,54,6,19,54,7,19,54,8,19,54,9,19,54,10,19,54,11,19,54,25,19,54,26,19,54,27,19,54,28,19,54,29,19,54,30,19,54,31,19,54,32,19,54,33,19,54,34,19,54,49,19,54,50,19,54,51,19,54,52,19,54,53,19,54,54,19,54,55,19,54,56,19,54,57,19,54
db 1,20,54,2,20,54,3,20,54,4,20,54,5,20,54,6,20,53,7,20,54,8,20,54,9,20,54,10,20,54,11,20,54,12,20,54,24,20,54,25,20,54,26,20,54,27,20,54,28,20,54,29,20,54,30,20,48,31,20,54,32,20,54,33,20,54,34,20,54,35,20,54,36,20,54,48,20,54,49,20,54,50,20,54,51,20,54,52,20,54,54,20,54,55,20,54,56,20,54,57,20,54,58,20,54
db 2,21,54,3,21,54,10,21,54,11,21,54,12,21,54,13,21,54,14,21,54,22,21,54,23,21,54,24,21,54,25,21,54,26,21,54,34,21,54,35,21,54,36,21,54,37,21,54,38,21,32,46,21,54,47,21,54,48,21,54,49,21,54,50,21,54,57,21,54,58,21,54
db 12,22,54,13,22,54,14,22,54,15,22,54,16,22,54,17,22,53,20,22,54,21,22,54,22,22,54,23,22,54,24,22,54,25,22,32,35,22,54,36,22,54,37,22,54,38,22,54,39,22,54,40,22,54,43,22,54,44,22,54,45,22,54,46,22,54,47,22,54,48,22,54
db 14,23,54,15,23,54,16,23,54,17,23,54,18,23,54,19,23,54,20,23,54,21,23,54,22,23,54,37,23,54,38,23,54,39,23,54,40,23,54,41,23,54,42,23,54,43,23,54,44,23,54,45,23,54,46,23,54
db 4,24,54,5,24,54,6,24,54,7,24,54,8,24,54,9,24,54,15,24,32,16,24,54,17,24,54,18,24,54,19,24,54,20,24,54,27,24,54,28,24,54,29,24,54,30,24,54,31,24,54,32,24,54,33,24,32,40,24,54,41,24,54,42,24,54,43,24,54,44,24,54,51,24,54,52,24,54,53,24,54,54,24,54,55,24,54,56,24,54
db 2,25,54,3,25,54,4,25,54,5,25,54,6,25,54,7,25,54,8,25,54,9,25,54,10,25,54,11,25,54,25,25,54,26,25,54,27,25,54,28,25,54,29,25,54,30,25,54,31,25,54,32,25,54,33,25,54,34,25,54,35,25,54,49,25,54,50,25,54,51,25,54,52,25,54,53,25,54,54,25,54,55,25,54,56,25,54,57,25,54,58,25,54
db 1,26,54,2,26,54,3,26,54,4,26,54,5,26,54,8,26,54,9,26,54,10,26,54,11,26,54,12,26,54,24,26,54,25,26,54,26,26,54,27,26,54,28,26,54,29,26,32,32,26,54,33,26,54,34,26,54,35,26,54,36,26,54,48,26,54,49,26,54,50,26,54,51,26,54,52,26,53,55,26,54,56,26,54,57,26,54,58,26,54
db 2,27,54,10,27,52,11,27,54,12,27,54,13,27,54,14,27,54,15,27,32,22,27,54,23,27,54,24,27,54,25,27,54,34,27,54,35,27,54,36,27,54,37,27,54,38,27,54,45,27,32,46,27,54,47,27,54,48,27,54,49,27,54,50,27,52,57,27,54,58,27,54
db 12,28,54,13,28,54,14,28,54,15,28,54,16,28,54,17,28,54,18,28,54,19,28,54,20,28,54,21,28,54,22,28,54,23,28,54,24,28,54,36,28,54,37,28,54,38,28,54,39,28,54,40,28,54,41,28,54,42,28,54,43,28,54,44,28,54,45,28,54,46,28,54,47,28,54,48,28,54
db 14,29,54,15,29,54,16,29,54,17,29,54,18,29,54,19,29,54,20,29,54,21,29,54,22,29,54,23,29,32,37,29,53,38,29,54,39,29,54,40,29,54,41,29,54,42,29,54,43,29,54,44,29,54,45,29,54,46,29,54
db 4,30,54,5,30,54,6,30,54,7,30,54,8,30,54,9,30,54,16,30,52,17,30,54,18,30,54,19,30,54,20,30,52,27,30,54,28,30,54,29,30,54,30,30,54,31,30,54,32,30,54,33,30,54,40,30,54,41,30,54,42,30,54,43,30,54,51,30,54,52,30,54,53,30,54,54,30,54,55,30,54,56,30,54
db 1,31,32,2,31,54,3,31,54,4,31,54,5,31,54,6,31,54,7,31,54,8,31,54,9,31,54,10,31,54,11,31,54,12,31,52,25,31,54,26,31,54,27,31,54,28,31,54,29,31,54,30,31,54,31,31,54,32,31,54,33,31,54,34,31,54,35,31,54,48,31,32,49,31,54,50,31,54,51,31,54,52,31,54,53,31,54,54,31,54,55,31,54,56,31,54,57,31,54,58,31,54
db 1,32,54,2,32,54,3,32,54,4,32,54,9,32,54,10,32,54,11,32,54,12,32,54,13,32,54,23,32,54,24,32,54,25,32,54,26,32,54,27,32,54,28,32,52,33,32,54,34,32,54,35,32,54,36,32,54,47,32,54,48,32,54,49,32,54,50,32,54,51,32,54,56,32,54,57,32,54,58,32,54
db 2,33,54,11,33,54,12,33,54,13,33,54,14,33,54,15,33,54,21,33,51,22,33,54,23,33,54,24,33,54,25,33,54,35,33,54,36,33,54,37,33,54,38,33,54,39,33,32,45,33,54,46,33,54,47,33,54,48,33,54,49,33,54,57,33,54,58,33,32
db 12,34,54,13,34,54,14,34,54,15,34,54,16,34,54,17,34,54,18,34,54,19,34,54,20,34,54,21,34,54,22,34,54,23,34,54,24,34,54,36,34,54,37,34,54,38,34,54,39,34,54,40,34,54,41,34,54,42,34,54,43,34,54,44,34,54,45,34,54,46,34,54,47,34,54,48,34,54
db 14,35,54,15,35,54,16,35,54,17,35,54,18,35,54,19,35,54,20,35,54,21,35,54,22,35,54,38,35,54,39,35,54,40,35,54,41,35,54,42,35,54,43,35,54,44,35,54,45,35,54,46,35,54
db 17,36,54,18,36,32,19,36,54,42,36,52,43,36,54
db
db
db
db
db
db
db
db
db
db
db
db
db
imageSize db 50 
 